1 6 3
1 6 2
1 2 5
1 2 5
1 2 6
1 2 3
1 6 2
1 6 1
1 6 7
1 6 7
1 6 2
1 2 0
2 7 4
2 7 4
2 7 1
2 7 1
2 7 4
2 7 0
2 7 0
2 5 7
2 7 5
2 7 0
2 0 5
2 7 5
3 3 5
3 0 3
3 3 6
3 3 0
3 3 6
3 3 5
3 3 6
3 3 6
3 3 0
3 3 2
3 3 0
3 5 3
4 1 2
4 1 0
4 1 2
4 1 2
4 1 2
4 2 0
4 2 1
4 2 5
4 5 0
4 7 2
4 5 2
4 5 1
1 6 2
2 5 7
3 3 5
4 5 2
1 6 2
2 5 0
3 3 5
4 5 2
1 6 7
2 5 0
3 3 5
4 2 5
1 6 7
2 5 0
3 3 5
4 2 5
1 6 7
2 5 0
3 3 5
4 2 5
1 6 7
2 5 0
3 5 3
4 2 5
1 3 4
2 5 0
3 3 5
4 5 2
1 0 7
2 5 0
3 5 3
4 5 1
1 6 3
2 5 0
3 5 3
4 5 2
1 0 7
2 5 0
3 5 0
4 5 1
1 1 7
2 0 5
3 3 0
4 5 1
1 6 1
2 0 5
3 3 0
4 5 1
1 6 7
2 5 0
3 5 0
4 1 5
1 6 1
2 0 5
3 3 5
4 5 1
1 1 0
2 0 5
3 3 0
4 5 1
1 7 1
2 0 5
3 5 0
4 5 1
1 1 3
2 0 5
3 0 2
4 5 1
1 1 3
2 0 5
3 0 5
4 5 1
1 1 6
2 0 5
3 0 3
4 5 1
